6819435
6819437
7144697
7558978
7560993
7565508
7572155
7712406
7778693
7793089
7793391
7927378
7931358
7939947
7951938
7960958
7960988
7963661
7963779
7963780
7963838
7963840
7974573
7979769
7991597
7991599
8014060
8014062
8017071
8017073
8053797
8077510
8077512
8077677
8077679
8084089
8084090
8084166
8084349
8084350
8089322
8110286
8115834
8115836
8119683
8120469
8120471
8120705
8122970
8122992
8122997
8123029
8126023
8132846
8137862
8137960
8141481
8141483
8141533
8141535
8142143
8142172
8143145
8143147
8143263
8143270
8143272
8145998
8146070
8147298
8147300
8154300
8154308
8154479
8155140
8157736
8157738
8157774
8157831
8157911
8160008
8160010
8163246
8163310
8165155
8167458
8168196
8168221
8168294
8168301
8168338
8175843
8177874
8177972
8188987
8190576
8191763
8191765
8197990
8198159
8198161
8198282
8198284
8202247
8203107
8203109
8204016
8204029