6708637
6829218
7100727
7293116
7353550
7370621
7492559
7544233
7572996
7593283
7664787
7727790
7736025
7767161
7778782
7858792
7863329
7875501
7901946
7913770
7917372
7943692
7947373
7957643
7991223
7993308
8000850
8003598
8026826
8030528
8030908
8037043
8038452
8039566
8039664
8041657
8042194
8044541
8047138
8047410
8047637
8054172
8054276
8056243
8059660
8060056
8064636
8067686
8068291
8071911
8072962
8075070
8095582
8112082
8112489
8114482
8120123
8128825
8139227
8140033
8141777
8142320
8142327
8142745
8145076
8157802
8159588
8159614
8159664
8159925
8160605
8161883
8164825
8168477
8178083
8178107
8180422
8186733
8187170
8187259
8187302
8188726
8191188
8191363
8191461
8196215
8204339