4738660
6494244
6669758
6674980
7263592
7264931
7350823
7456663
7460167
7460169
7489697
7489707
7489950
7489952
7489964
7490017
7543003
7543005
7580272
7648452
7685092
7729014
7729019
7729424
7737164
7739588
7747728
7794027
7804648
7819461
7838644
7839130
7847485
7871254
7899482
7914059
7939818
7943204
7958748
7958750
7960680
7968044
7977245
7979657
7982916
7993511
7997218
8003233
8008723
8027506
8035713
8036588
8042449
8044227
8044746
8048650
8049809
8049885
8051290
8060585
8060600
8060703
8067556
8072766
8072886
8072892
8074011
8074057
8076097
8077370
8077870
8079744
8080244
8080377
8080937
8080939
8081776
8082579
8082718
8083811
8083818
8084379
8084381
8088444
8088446
8088453
8088455
8088954
8090190
8093267
8097597
8100160
8105960
8114351
8114730
8119781
8120094
8120101
8120681
8123225
8123231
8123238
8128629
8131181
8131201
8132616
8142276
8142278
8142285
8142909
8142930
8142959
8142961
8142963
8144996
8147341
8147756
8156916
8160668
8162157
8162169
8164884
8164943
8167541
8167616
8168392
8171008
8175213
8175215
8186282
8187309
8189005
8189007
8189057
8189059
8191640
8191642
8192367
8193484
8193710
8194428
8197614
8198097
8198153
8198187
8198198
8198223
8198241
8198255
8198262
8199729
8199744
8199973
8202874