6922636003
6922638003
7118737003
7118739003
7590373003
7605936003
7607567003
7609694003
7609696003
7624374003
7636414003
7636416003
7637823003
7637825003
7663434003
7663436003
7671388003
7671390003
7694938003
7694940003
7701909003
7701911003
7702469003
7702471003
7708921003
7708923003
7710178003
7710180003
7710976003
7710978003
7712707003
7718808003
7719647003
7719649003
7719651003
7719653003
7721506003
7724227003
7724229003
7725035003
7727320003
7727322003
7728589003
7728591003
7730668003
7730670003
7731646003
7731648003
7737155003
7740654003
7741868003
7741870003
7743208003
7749580003
7749582003
7749755003
7758888003
7758896003
7764109003
7765112003
7766277003
7770654003
7770656003
7773691003
7773693003
7773695003
7773968003
7775353003
7775355003
7776437003
7776439003
7777094003
7778204003
7778206003
7778532003
7779962003
7780490003
7780494003
7780496003
7782357003
7782359003
7782548003
7784128003
7784501003
7784503003
7785812003
7785814003
7787084003
7788916003
7789940003
7791742003
7792930003
7792932003
7793242003
7793244003
7793305003
7793307003
7796530003
7796534003
7796536003
7798815003
7799164003
7799295003
7799329003
7799346003
7799348003
7799631003
7799633003
7799933003
7799935003
7800317003
7800319003
7800444003
7800446003
7801336003
7801371003
7801373003
7801694003
7801696003
7803078003
7803080003
7804953003
7806679003
7806681003
7806683003
7806685003
7806920003
7806924003
7807363003
7807506003
7807508003
7808142003
7808198003
7808200003
7808384003
7808386003
7808667003
7809761003
7809763003
7809765003
7809767003
7812099003
7812982003
7812986003
7812990003
7813107003
7813157003
7813159003
7813362003
7814576003
7814650003
7814652003
7816193003
7818068003
7818070003
7819181003
7819441003
7819449003
7819451003
7819571003
7819654003
7819656003
7819704003
7819999003
7820001003
7820003003
7820306003
7820308003
7820446003
7820448003
7820451003
7820453003
7821440003
7822254003
7822286003
7822288003
7822383003
7822385003
7822387003
7822389003
7822391003
7822393003
7827037003
7827039003
7829427003
7829429003
7833167003
7833950003
7833952003
7837311003
7849657003
7849659003
7854835003
7860016003