7094382
7473217
7473660
7506371
7507105
7519051
7519865
7536201
7550881
7575004
7576807
7587088
7658165
7705800
7708045
7708046
7731560
7733118
7735338
7736066
7742525
7747181
7769055
7773180
7791610
7795649
7812881
7812883
7812884
7815240
7815376
7815811
7819344
7822496
7826529
7826532
7826544
7826547
7835829
7838464
7838652
7838917
7838921
7838923
7838947
7842772
7842808
7843098
7843109
7843764
7843767
7843849
7843880
7845688
7846611
7851543
7861725
7870945
7888090
7901920
7917362
7926519
7930749
7931146
7931717
7931720
7947082
7960698
7963056
7972183
7972553
7976926
7977158
7979131
7979861
7982262
7982315
7982317
7984730
7997177
8001324
8015634
8022865
8025810
8026391
8028755
8029049
8031017
8031032
8031231
8031372
8031509
8035738
8036894
8036903
8036907
8038159
8038726
8038744
8042228
8042243
8046512
8046934
8047272
8047274
8047287
8047293
8047408
8047409
8048975
8048977
8049007
8049221
8049237
8049262
8049264
8049756
8049758
8049759
8049760
8051420
8052229
8052241
8052293
8052453
8054004
8055429
8059342
8060749
8060752
8060765
8060766
8065333
8067483
8067599
8067601
8067675
8068781
8070328
8070333
8076756
8077263
8077927
8077952
8077955
8077956
8078687
8079182
8079399
8079451
8079612
8080096
8080108
8088329
8094584
8094585
8094646
8094648
8094855
8094879
8095392
8096162
8096834
8096841
8096843
8096851
8097331
8097746
8098718
8099127
8099800
8102938
8103307
8106365
8106804
8106806
8106808
8106826
8108697
8109019
8109020
8109032
8109314
8109325
8109795
8111787
8118757
8118975
8119701
8119854
8121501
8121665
8122273
8122630
8125515
8125653
8125655
8125778
8126429
8127661
8129949
8130801
8131006
8131117
8132363
8139426
8140231
8141220
8142566
8142648
8144016
8144310
8144312
8145097
8145099
8147153
8147296
8147377
8147379
8147380
8147381
8147829
8147836
8147838
8147858
8152849
8153090
8154226
8154719
8154990
8155033
8157146
8157218
8157220
8157323
8157665
8158567
8158569
8158804
8158892
8159140
8159352
8159490
8159754
8161239
8161701
8161736
8162094
8162337
8164572
8164718
8164781
8164783
8164827
8164829
8164846
8164850
8165076
8167218
8167315
8167539
8170509
8170758
8170915
8171847
8171848
8171853
8171859
8171866
8171898
8171912
8173359
8173861
8173946
8173948
8174263
8175035
8176247
8176312
8176827
8177561
8177585
8177800
8177906
8179472
8179685
8179881
8180264
8180653
8180655
8180701
8185372
8185374
8185438
8185446
8185448
8185746
8186228
8186254
8186258
8186260
8186263
8186265
8186365
8186713
8186721
8186735
8186738
8186746
8186762
8187654
8188644
8188646
8188648
8190711
8191359
8191362
8191657
8191841
8192070
8192379
8192383
8192385
8192388
8193289
8193290
8193294
8195455
8197377
8197921