7833425002
8200009002
8200010002
8215862002
8230258002
8240009002
8318257002
8345186002
8374797002
8377539002
8385180002
8385193002
8385195002
8393272002
8393330002
8400423002
8400553002
8400588002
8400738002
8409034002
8442932002
8442934002
8448693002
8449936002
8453396002
8455005002
8455014002
8455252002
8468545002
8468556002
8474673002
8479051002
8479067002
8480283002
8489189002
8489240002
8492085002
8504399002
8517116002
8517138002
8521468002
8521484002
8524827002
8525406002
8526793002
8529896002
8529915002
8530395002
8532790002
8534630002
8537884002
8543137002
8543375002
8548793002
8548803002
8562297002
8562334002
8562780002
8570880002
8570910002